-10.00 -690.00
-9.50 -645.50
-9.00 -602.00
-8.50 -559.50
-8.00 -518.00
-7.50 -477.50
-7.00 -438.00
-6.50 -399.50
-6.00 -362.00
-5.50 -325.50
-5.00 -290.00
-4.50 -255.50
-4.00 -222.00
-3.50 -189.50
-3.00 -158.00
-2.50 -127.50
-2.00 -98.00
-1.50 -69.50
-1.00 -42.00
-0.50 -15.50
0.00 10.00
0.50 34.50
1.00 58.00
1.50 80.50
2.00 102.00
2.50 122.50
3.00 142.00
3.50 160.50
4.00 178.00
4.50 194.50
5.00 210.00
5.50 224.50
6.00 238.00
6.50 250.50
7.00 262.00
7.50 272.50
8.00 282.00
8.50 290.50
9.00 298.00
9.50 304.50
10.00 310.00
10.50 314.50
11.00 318.00
11.50 320.50
12.00 322.00
12.50 322.50
13.00 322.00
13.50 320.50
14.00 318.00
14.50 314.50
15.00 310.00
15.50 304.50
16.00 298.00
16.50 290.50
17.00 282.00
17.50 272.50
18.00 262.00
18.50 250.50
19.00 238.00
19.50 224.50
20.00 210.00
20.50 194.50
21.00 178.00
21.50 160.50
22.00 142.00
22.50 122.50
23.00 102.00
23.50 80.50
24.00 58.00
24.50 34.50
25.00 10.00
25.50 -15.50
26.00 -42.00
26.50 -69.50
27.00 -98.00
27.50 -127.50
28.00 -158.00
28.50 -189.50
29.00 -222.00
29.50 -255.50
30.00 -290.00
30.50 -325.50
31.00 -362.00
31.50 -399.50
32.00 -438.00
32.50 -477.50
33.00 -518.00
33.50 -559.50
34.00 -602.00
34.50 -645.50
35.00 -690.00
35.50 -735.50
36.00 -782.00
36.50 -829.50
37.00 -878.00
37.50 -927.50
38.00 -978.00
38.50 -1029.50
39.00 -1082.00
39.50 -1135.50
