-10.00 -685.80
-9.50 -647.10
-9.00 -602.00
-8.50 -548.90
-8.00 -524.20
-7.50 -490.10
-7.00 -430.60
-6.50 -412.10
-6.00 -345.20
-5.50 -344.10
-5.00 -306.00
-4.50 -255.50
-4.00 -226.00
-3.50 -195.90
-3.00 -139.00
-2.50 -129.50
-2.00 -84.80
-1.50 -86.50
-1.00 -61.00
-0.50 -18.70
0.00 -3.40
0.50 20.90
1.00 41.60
1.50 86.30
2.00 98.80
2.50 122.70
3.00 149.00
3.50 149.10
4.00 158.80
4.50 188.10
5.00 214.20
5.50 223.70
6.00 231.40
6.50 257.50
7.00 269.80
7.50 274.50
8.00 287.40
8.50 278.70
9.00 304.40
9.50 323.30
10.00 316.60
10.50 329.10
11.00 299.20
11.50 333.50
12.00 340.60
12.50 311.10
13.00 313.80
13.50 302.50
14.00 324.80
14.50 316.70
15.00 298.20
15.50 292.10
16.00 286.00
16.50 297.30
17.00 266.80
17.50 269.30
18.00 276.20
18.50 257.90
19.00 221.80
19.50 216.50
20.00 196.80
20.50 211.50
21.00 194.20
21.50 152.70
22.00 148.80
22.50 128.10
23.00 93.60
23.50 83.50
24.00 50.40
24.50 28.30
25.00 20.40
25.50 -34.10
26.00 -53.80
26.50 -80.90
27.00 -78.60
27.50 -128.10
28.00 -164.20
28.50 -178.30
29.00 -207.40
29.50 -241.50
30.00 -299.00
30.50 -324.10
31.00 -348.60
31.50 -408.30
32.00 -446.80
32.50 -486.10
33.00 -499.40
33.50 -558.90
34.00 -582.60
34.50 -651.70
35.00 -706.20
35.50 -727.10
36.00 -799.60
36.50 -839.50
37.00 -879.00
37.50 -931.50
38.00 -969.80
38.50 -1041.50
39.00 -1066.40
39.50 -1119.30
